----- TABLE III, IV ------
Order is 4
                       h  2.00  1.76  1.47  1.38  1.26  1.22  1.17  1.10  0.98  0.81 
     Force Errorx1e4 PME  8.43  7.42  4.24  8.88 10.97  9.55  6.43  4.61  3.97  4.44 
     Force Errorx1e4 MSM  6.08  4.84  5.20  6.35  6.03  7.01  8.34  5.55  6.14  4.24 
                Time PME  3.76  3.25  2.88  2.76  2.62  2.57  2.52  2.53  2.60  2.71 
                Time MSM  2.93  2.60  2.36  2.26  2.18  2.16  2.13  2.16  2.24  2.37 
Order is 6
                       h  2.00  1.76  1.47  1.38  1.26  1.22  1.17  1.10  0.98 
     Force Errorx1e4 PME 10.13  4.63  3.13  4.66  6.03  6.95  7.98  8.48  8.39 
     Force Errorx1e4 MSM  1.64  3.11  2.83  3.60  3.96  3.57  2.71  2.47  2.10 
                Time PME  2.60  2.18  1.82  1.71  1.61  1.58  1.54  1.49  1.58 
                Time MSM  2.16  1.83  1.56  1.47  1.41  1.39  1.35  1.33  1.42 
