Before calculating fudge factor
                data     N  A  nbar  M       a0 nu       true        est |log(true)-log(est)|
            spceN300   300 20 12.00 12   10.000  4  9.023e-04  1.793e-03 0.687
            spceN300   300 20 12.00 12   10.000  6  1.405e-04  4.981e-05 1.037
            spceN300   300 20 12.00 12   10.000  8  5.820e-05  1.384e-06 3.739
            spceN300   300 20 12.00 12   10.000 10  5.053e-05  3.843e-08 7.182
            spceN300   300 20 14.00 12   11.667  4  5.187e-04  9.678e-04 0.624
            spceN300   300 20 14.00 12   11.667  6  5.643e-05  1.975e-05 1.050
            spceN300   300 20 14.00 12   11.667  8  1.479e-05  4.031e-07 3.603
            spceN300   300 20 14.00 12   11.667 10  9.858e-06  8.227e-09 7.089
            spceN300   300 20 16.00 12   13.333  4  2.715e-04  5.673e-04 0.737
            spceN300   300 20 16.00 12   13.333  6  2.406e-05  8.865e-06 0.998
            spceN300   300 20 16.00 12   13.333  8  5.026e-06  1.385e-07 3.591
            spceN300   300 20 16.00 12   13.333 10  2.246e-06  2.164e-09 6.945
            spceN300   300 20 18.00 12   15.000  4  1.777e-04  3.542e-04 0.690
            spceN300   300 20 18.00 12   15.000  6  1.256e-05  4.373e-06 1.055
            spceN300   300 20 18.00 12   15.000  8  2.048e-06  5.398e-08 3.636
            spceN300   300 20 18.00 12   15.000 10  6.815e-07  6.665e-10 6.930
            spceN300   300 20 20.00 12   16.667  4  1.180e-04  2.324e-04 0.678
            spceN300   300 20 20.00 12   16.667  6  6.689e-06  2.324e-06 1.057
            spceN300   300 20 20.00 12   16.667  8  9.141e-07  2.324e-08 3.672
            spceN300   300 20 20.00 12   16.667 10  2.492e-07  2.324e-10 6.978
            spceN300   300 20 22.00 12   18.333  4  8.460e-05  1.587e-04 0.629
            spceN300   300 20 22.00 12   18.333  6  3.944e-06  1.312e-06 1.101
            spceN300   300 20 22.00 12   18.333  8  4.355e-07  1.084e-08 3.693
            spceN300   300 20 22.00 12   18.333 10  9.665e-08  8.959e-11 6.984
            spceN600   600 20 12.00 16    7.500  4  1.501e-03  1.691e-03 0.119
            spceN600   600 20 12.00 16    7.500  6  2.760e-04  4.696e-05 1.771
            spceN600   600 20 12.00 16    7.500  8  1.147e-04  1.304e-06 4.477
            spceN600   600 20 12.00 16    7.500 10  8.363e-05  3.623e-08 7.744
            spceN600   600 20 14.00 16    8.750  4  7.807e-04  9.125e-04 0.156
            spceN600   600 20 14.00 16    8.750  6  1.010e-04  1.862e-05 1.691
            spceN600   600 20 14.00 16    8.750  8  2.986e-05  3.800e-07 4.364
            spceN600   600 20 14.00 16    8.750 10  1.773e-05  7.756e-09 7.734
            spceN600   600 20 16.00 16   10.000  4  4.354e-04  5.349e-04 0.206
            spceN600   600 20 16.00 16   10.000  6  4.195e-05  8.358e-06 1.613
            spceN600   600 20 16.00 16   10.000  8  9.022e-06  1.306e-07 4.235
            spceN600   600 20 16.00 16   10.000 10  4.265e-06  2.040e-09 7.645
            spceN600   600 20 18.00 16   11.250  4  2.766e-04  3.339e-04 0.188
            spceN600   600 20 18.00 16   11.250  6  2.185e-05  4.123e-06 1.668
            spceN600   600 20 18.00 16   11.250  8  3.537e-06  5.090e-08 4.241
            spceN600   600 20 18.00 16   11.250 10  1.167e-06  6.283e-10 7.527
            spceN600   600 20 20.00 16   12.500  4  1.856e-04  2.191e-04 0.166
            spceN600   600 20 20.00 16   12.500  6  1.216e-05  2.191e-06 1.714
            spceN600   600 20 20.00 16   12.500  8  1.692e-06  2.191e-08 4.347
            spceN600   600 20 20.00 16   12.500 10  4.093e-07  2.191e-10 7.533
            spceN600   600 20 22.00 16   13.750  4  1.316e-04  1.496e-04 0.128
            spceN600   600 20 22.00 16   13.750  6  7.131e-06  1.237e-06 1.752
            spceN600   600 20 22.00 16   13.750  8  8.477e-07  1.022e-08 4.418
            spceN600   600 20 22.00 16   13.750 10  1.712e-07  8.447e-11 7.614
            spceN900   900 20 12.00 18    6.667  4  1.653e-03  1.553e-03 0.062
            spceN900   900 20 12.00 18    6.667  6  3.123e-04  4.313e-05 1.980
            spceN900   900 20 12.00 18    6.667  8  1.335e-04  1.198e-06 4.713
            spceN900   900 20 12.00 18    6.667 10  1.037e-04  3.328e-08 8.045
            spceN900   900 20 14.00 18    7.778  4  8.841e-04  8.382e-04 0.053
            spceN900   900 20 14.00 18    7.778  6  1.207e-04  1.711e-05 1.954
            spceN900   900 20 14.00 18    7.778  8  3.781e-05  3.491e-07 4.685
            spceN900   900 20 14.00 18    7.778 10  2.233e-05  7.124e-09 8.050
            spceN900   900 20 16.00 18    8.889  4  5.149e-04  4.913e-04 0.047
            spceN900   900 20 16.00 18    8.889  6  5.213e-05  7.677e-06 1.915
            spceN900   900 20 16.00 18    8.889  8  1.222e-05  1.200e-07 4.623
            spceN900   900 20 16.00 18    8.889 10  5.726e-06  1.874e-09 8.025
            spceN900   900 20 18.00 18   10.000  4  3.079e-04  3.067e-04 0.004
            spceN900   900 20 18.00 18   10.000  6  2.440e-05  3.787e-06 1.863
            spceN900   900 20 18.00 18   10.000  8  4.375e-06  4.675e-08 4.539
            spceN900   900 20 18.00 18   10.000 10  1.618e-06  5.772e-10 7.939
            spceN900   900 20 20.00 18   11.111  4  2.004e-04  2.012e-04 0.004
            spceN900   900 20 20.00 18   11.111  6  1.321e-05  2.012e-06 1.882
            spceN900   900 20 20.00 18   11.111  8  1.876e-06  2.012e-08 4.535
            spceN900   900 20 20.00 18   11.111 10  5.159e-07  2.012e-10 7.849
            spceN900   900 20 22.00 18   12.222  4  1.385e-04  1.375e-04 0.007
            spceN900   900 20 22.00 18   12.222  6  7.696e-06  1.136e-06 1.913
            spceN900   900 20 22.00 18   12.222  8  9.283e-07  9.388e-09 4.594
            spceN900   900 20 22.00 18   12.222 10  1.976e-07  7.759e-11 7.842
           spceN2250  2250 30 12.00 24    7.500  4  1.485e-03  1.604e-03 0.077
           spceN2250  2250 30 12.00 24    7.500  6  2.816e-04  4.455e-05 1.844
           spceN2250  2250 30 12.00 24    7.500  8  1.172e-04  1.237e-06 4.551
           spceN2250  2250 30 12.00 24    7.500 10  8.417e-05  3.437e-08 7.803
           spceN2250  2250 30 14.00 24    8.750  4  8.246e-04  8.657e-04 0.049
           spceN2250  2250 30 14.00 24    8.750  6  1.129e-04  1.767e-05 1.855
           spceN2250  2250 30 14.00 24    8.750  8  3.402e-05  3.605e-07 4.547
           spceN2250  2250 30 14.00 24    8.750 10  1.792e-05  7.358e-09 7.798
           spceN2250  2250 30 16.00 24   10.000  4  4.759e-04  5.074e-04 0.064
           spceN2250  2250 30 16.00 24   10.000  6  5.012e-05  7.929e-06 1.844
           spceN2250  2250 30 16.00 24   10.000  8  1.153e-05  1.239e-07 4.534
           spceN2250  2250 30 16.00 24   10.000 10  4.703e-06  1.936e-09 7.796
           spceN2250  2250 30 18.00 24   11.250  4  2.963e-04  3.168e-04 0.067
           spceN2250  2250 30 18.00 24   11.250  6  2.444e-05  3.911e-06 1.832
           spceN2250  2250 30 18.00 24   11.250  8  4.428e-06  4.828e-08 4.519
           spceN2250  2250 30 18.00 24   11.250 10  1.438e-06  5.961e-10 7.789
           spceN2250  2250 30 20.00 24   12.500  4  1.912e-04  2.078e-04 0.083
           spceN2250  2250 30 20.00 24   12.500  6  1.255e-05  2.078e-06 1.798
           spceN2250  2250 30 20.00 24   12.500  8  1.826e-06  2.078e-08 4.476
           spceN2250  2250 30 20.00 24   12.500 10  4.878e-07  2.078e-10 7.761
           spceN2250  2250 30 22.00 24   13.750  4  1.276e-04  1.420e-04 0.106
           spceN2250  2250 30 22.00 24   13.750  6  6.704e-06  1.173e-06 1.743
           spceN2250  2250 30 22.00 24   13.750  8  7.866e-07  9.696e-09 4.396
           spceN2250  2250 30 22.00 24   13.750 10  1.756e-07  8.013e-11 7.692
               Box44 65850 88 12.00 74    7.135  4  1.373e-03  1.504e-03 0.091
               Box44 65850 88 12.00 74    7.135  6  2.551e-04  4.066e-05 1.836
               Box44 65850 88 12.00 74    7.135  8  8.760e-05  1.100e-06 4.378
               Box44 65850 88 12.00 74    7.135 10  5.322e-05  2.974e-08 7.490
               Box44 65850 88 14.00 74    8.324  4  7.159e-04  8.117e-04 0.126
               Box44 65850 88 14.00 74    8.324  6  9.799e-05  1.613e-05 1.804
               Box44 65850 88 14.00 74    8.324  8  2.956e-05  3.204e-07 4.525
               Box44 65850 88 14.00 74    8.324 10  1.222e-05  6.365e-09 7.560
               Box44 65850 88 16.00 74    9.514  4  4.320e-04  4.758e-04 0.097
               Box44 65850 88 16.00 74    9.514  6  3.814e-05  7.237e-06 1.662
               Box44 65850 88 16.00 74    9.514  8  8.737e-06  1.101e-07 4.374
               Box44 65850 88 16.00 74    9.514 10  3.550e-06  1.675e-09 7.659
               Box44 65850 88 18.00 74   10.703  4  2.493e-04  2.970e-04 0.175
               Box44 65850 88 18.00 74   10.703  6  2.002e-05  3.570e-06 1.724
               Box44 65850 88 18.00 74   10.703  8  3.349e-06  4.291e-08 4.358
               Box44 65850 88 18.00 74   10.703 10  9.697e-07  5.157e-10 7.539
               Box44 65850 88 20.00 74   11.892  4  1.904e-04  1.949e-04 0.023
               Box44 65850 88 20.00 74   11.892  6  9.314e-06  1.897e-06 1.591
               Box44 65850 88 20.00 74   11.892  8  1.408e-06  1.847e-08 4.334
               Box44 65850 88 20.00 74   11.892 10  3.496e-07  1.798e-10 7.573
               Box44 65850 88 22.00 74   13.081  4  1.372e-04  1.331e-04 0.031
               Box44 65850 88 22.00 74   13.081  6  5.980e-06  1.071e-06 1.720
               Box44 65850 88 22.00 74   13.081  8  6.252e-07  8.616e-09 4.284
               Box44 65850 88 22.00 74   13.081 10  1.347e-07  6.932e-11 7.572
Fudge factors (training)
[0.8251687275525531, 5.167012785920062, 73.65083075349007, 1977.2284201427822]
Training -- (fudgefactors applied!)
Testing -- (fudgefactors applied!)
