                data     N  A  nbar  M       a0 nu       true        est |log(true)-log(est)|
 ../../data/spceN300   300 20 12.00 12   10.000  4  9.023e-04  1.480e-03 0.495
 ../../data/spceN300   300 20 12.00 12   10.000  6  1.405e-04  2.574e-04 0.605
 ../../data/spceN300   300 20 12.00 12   10.000  8  5.820e-05  1.019e-04 0.560
 ../../data/spceN300   300 20 12.00 12   10.000 10  5.053e-05  7.599e-05 0.408
 ../../data/spceN300   300 20 14.00 12   11.667  4  5.187e-04  7.986e-04 0.431
 ../../data/spceN300   300 20 14.00 12   11.667  6  5.643e-05  1.021e-04 0.592
 ../../data/spceN300   300 20 14.00 12   11.667  8  1.479e-05  2.969e-05 0.697
 ../../data/spceN300   300 20 14.00 12   11.667 10  9.858e-06  1.627e-05 0.501
 ../../data/spceN300   300 20 16.00 12   13.333  4  2.715e-04  4.681e-04 0.545
 ../../data/spceN300   300 20 16.00 12   13.333  6  2.406e-05  4.580e-05 0.644
 ../../data/spceN300   300 20 16.00 12   13.333  8  5.026e-06  1.020e-05 0.708
 ../../data/spceN300   300 20 16.00 12   13.333 10  2.246e-06  4.279e-06 0.645
 ../../data/spceN300   300 20 18.00 12   15.000  4  1.777e-04  2.923e-04 0.497
 ../../data/spceN300   300 20 18.00 12   15.000  6  1.256e-05  2.259e-05 0.587
 ../../data/spceN300   300 20 18.00 12   15.000  8  2.048e-06  3.976e-06 0.664
 ../../data/spceN300   300 20 18.00 12   15.000 10  6.815e-07  1.318e-06 0.659
 ../../data/spceN300   300 20 20.00 12   16.667  4  1.180e-04  1.918e-04 0.486
 ../../data/spceN300   300 20 20.00 12   16.667  6  6.689e-06  1.201e-05 0.585
 ../../data/spceN300   300 20 20.00 12   16.667  8  9.141e-07  1.711e-06 0.627
 ../../data/spceN300   300 20 20.00 12   16.667 10  2.492e-07  4.595e-07 0.612
 ../../data/spceN300   300 20 22.00 12   18.333  4  8.460e-05  1.310e-04 0.437
 ../../data/spceN300   300 20 22.00 12   18.333  6  3.944e-06  6.778e-06 0.541
 ../../data/spceN300   300 20 22.00 12   18.333  8  4.355e-07  7.984e-07 0.606
 ../../data/spceN300   300 20 22.00 12   18.333 10  9.665e-08  1.771e-07 0.606
 ../../data/spceN600   600 20 12.00 16    7.500  4  1.501e-03  1.395e-03 0.073
 ../../data/spceN600   600 20 12.00 16    7.500  6  2.760e-04  2.426e-04 0.129
 ../../data/spceN600   600 20 12.00 16    7.500  8  1.147e-04  9.607e-05 0.177
 ../../data/spceN600   600 20 12.00 16    7.500 10  8.363e-05  7.164e-05 0.155
 ../../data/spceN600   600 20 14.00 16    8.750  4  7.807e-04  7.530e-04 0.036
 ../../data/spceN600   600 20 14.00 16    8.750  6  1.010e-04  9.622e-05 0.048
 ../../data/spceN600   600 20 14.00 16    8.750  8  2.986e-05  2.799e-05 0.065
 ../../data/spceN600   600 20 14.00 16    8.750 10  1.773e-05  1.534e-05 0.145
 ../../data/spceN600   600 20 16.00 16   10.000  4  4.354e-04  4.414e-04 0.014
 ../../data/spceN600   600 20 16.00 16   10.000  6  4.195e-05  4.318e-05 0.029
 ../../data/spceN600   600 20 16.00 16   10.000  8  9.022e-06  9.618e-06 0.064
 ../../data/spceN600   600 20 16.00 16   10.000 10  4.265e-06  4.034e-06 0.056
 ../../data/spceN600   600 20 18.00 16   11.250  4  2.766e-04  2.755e-04 0.004
 ../../data/spceN600   600 20 18.00 16   11.250  6  2.185e-05  2.130e-05 0.026
 ../../data/spceN600   600 20 18.00 16   11.250  8  3.537e-06  3.749e-06 0.058
 ../../data/spceN600   600 20 18.00 16   11.250 10  1.167e-06  1.242e-06 0.062
 ../../data/spceN600   600 20 20.00 16   12.500  4  1.856e-04  1.808e-04 0.026
 ../../data/spceN600   600 20 20.00 16   12.500  6  1.216e-05  1.132e-05 0.072
 ../../data/spceN600   600 20 20.00 16   12.500  8  1.692e-06  1.614e-06 0.047
 ../../data/spceN600   600 20 20.00 16   12.500 10  4.093e-07  4.332e-07 0.057
 ../../data/spceN600   600 20 22.00 16   13.750  4  1.316e-04  1.235e-04 0.064
 ../../data/spceN600   600 20 22.00 16   13.750  6  7.131e-06  6.390e-06 0.110
 ../../data/spceN600   600 20 22.00 16   13.750  8  8.477e-07  7.528e-07 0.119
 ../../data/spceN600   600 20 22.00 16   13.750 10  1.712e-07  1.670e-07 0.025
 ../../data/spceN900   900 20 12.00 18    6.667  4  1.653e-03  1.281e-03 0.255
 ../../data/spceN900   900 20 12.00 18    6.667  6  3.123e-04  2.229e-04 0.337
 ../../data/spceN900   900 20 12.00 18    6.667  8  1.335e-04  8.825e-05 0.414
 ../../data/spceN900   900 20 12.00 18    6.667 10  1.037e-04  6.581e-05 0.455
 ../../data/spceN900   900 20 14.00 18    7.778  4  8.841e-04  6.916e-04 0.245
 ../../data/spceN900   900 20 14.00 18    7.778  6  1.207e-04  8.839e-05 0.312
 ../../data/spceN900   900 20 14.00 18    7.778  8  3.781e-05  2.571e-05 0.386
 ../../data/spceN900   900 20 14.00 18    7.778 10  2.233e-05  1.409e-05 0.461
 ../../data/spceN900   900 20 16.00 18    8.889  4  5.149e-04  4.054e-04 0.239
 ../../data/spceN900   900 20 16.00 18    8.889  6  5.213e-05  3.967e-05 0.273
 ../../data/spceN900   900 20 16.00 18    8.889  8  1.222e-05  8.835e-06 0.324
 ../../data/spceN900   900 20 16.00 18    8.889 10  5.726e-06  3.706e-06 0.435
 ../../data/spceN900   900 20 18.00 18   10.000  4  3.079e-04  2.531e-04 0.196
 ../../data/spceN900   900 20 18.00 18   10.000  6  2.440e-05  1.957e-05 0.221
 ../../data/spceN900   900 20 18.00 18   10.000  8  4.375e-06  3.443e-06 0.240
 ../../data/spceN900   900 20 18.00 18   10.000 10  1.618e-06  1.141e-06 0.349
 ../../data/spceN900   900 20 20.00 18   11.111  4  2.004e-04  1.661e-04 0.188
 ../../data/spceN900   900 20 20.00 18   11.111  6  1.321e-05  1.040e-05 0.239
 ../../data/spceN900   900 20 20.00 18   11.111  8  1.876e-06  1.482e-06 0.236
 ../../data/spceN900   900 20 20.00 18   11.111 10  5.159e-07  3.979e-07 0.260
 ../../data/spceN900   900 20 22.00 18   12.222  4  1.385e-04  1.134e-04 0.199
 ../../data/spceN900   900 20 22.00 18   12.222  6  7.696e-06  5.870e-06 0.271
 ../../data/spceN900   900 20 22.00 18   12.222  8  9.283e-07  6.915e-07 0.295
 ../../data/spceN900   900 20 22.00 18   12.222 10  1.976e-07  1.534e-07 0.253
../../data/spceN2250  2250 30 12.00 24    7.500  4  1.485e-03  1.323e-03 0.116
../../data/spceN2250  2250 30 12.00 24    7.500  6  2.816e-04  2.302e-04 0.201
../../data/spceN2250  2250 30 12.00 24    7.500  8  1.172e-04  9.114e-05 0.252
../../data/spceN2250  2250 30 12.00 24    7.500 10  8.417e-05  6.797e-05 0.214
../../data/spceN2250  2250 30 14.00 24    8.750  4  8.246e-04  7.143e-04 0.144
../../data/spceN2250  2250 30 14.00 24    8.750  6  1.129e-04  9.128e-05 0.212
../../data/spceN2250  2250 30 14.00 24    8.750  8  3.402e-05  2.655e-05 0.248
../../data/spceN2250  2250 30 14.00 24    8.750 10  1.792e-05  1.455e-05 0.208
../../data/spceN2250  2250 30 16.00 24   10.000  4  4.759e-04  4.187e-04 0.128
../../data/spceN2250  2250 30 16.00 24   10.000  6  5.012e-05  4.097e-05 0.202
../../data/spceN2250  2250 30 16.00 24   10.000  8  1.153e-05  9.124e-06 0.234
../../data/spceN2250  2250 30 16.00 24   10.000 10  4.703e-06  3.827e-06 0.206
../../data/spceN2250  2250 30 18.00 24   11.250  4  2.963e-04  2.614e-04 0.125
../../data/spceN2250  2250 30 18.00 24   11.250  6  2.444e-05  2.021e-05 0.190
../../data/spceN2250  2250 30 18.00 24   11.250  8  4.428e-06  3.556e-06 0.219
../../data/spceN2250  2250 30 18.00 24   11.250 10  1.438e-06  1.179e-06 0.199
../../data/spceN2250  2250 30 20.00 24   12.500  4  1.912e-04  1.715e-04 0.109
../../data/spceN2250  2250 30 20.00 24   12.500  6  1.255e-05  1.074e-05 0.156
../../data/spceN2250  2250 30 20.00 24   12.500  8  1.826e-06  1.531e-06 0.177
../../data/spceN2250  2250 30 20.00 24   12.500 10  4.878e-07  4.110e-07 0.171
../../data/spceN2250  2250 30 22.00 24   13.750  4  1.276e-04  1.171e-04 0.086
../../data/spceN2250  2250 30 22.00 24   13.750  6  6.704e-06  6.062e-06 0.101
../../data/spceN2250  2250 30 22.00 24   13.750  8  7.866e-07  7.141e-07 0.097
../../data/spceN2250  2250 30 22.00 24   13.750 10  1.756e-07  1.584e-07 0.103
    ../../data/Box44 65850 88 12.16 75    7.135  4  1.373e-03  1.241e-03 0.101
    ../../data/Box44 65850 88 12.16 75    7.135  6  2.551e-04  2.101e-04 0.194
    ../../data/Box44 65850 88 12.16 75    7.135  8  8.760e-05  8.099e-05 0.078
    ../../data/Box44 65850 88 12.16 75    7.135 10  5.322e-05  5.879e-05 0.100
    ../../data/Box44 65850 88 14.19 75    8.324  4  7.159e-04  6.698e-04 0.067
    ../../data/Box44 65850 88 14.19 75    8.324  6  9.799e-05  8.332e-05 0.162
    ../../data/Box44 65850 88 14.19 75    8.324  8  2.956e-05  2.360e-05 0.225
    ../../data/Box44 65850 88 14.19 75    8.324 10  1.222e-05  1.259e-05 0.030
    ../../data/Box44 65850 88 16.22 75    9.514  4  4.320e-04  3.926e-04 0.096
    ../../data/Box44 65850 88 16.22 75    9.514  6  3.814e-05  3.739e-05 0.020
    ../../data/Box44 65850 88 16.22 75    9.514  8  8.737e-06  8.108e-06 0.075
    ../../data/Box44 65850 88 16.22 75    9.514 10  3.550e-06  3.311e-06 0.070
    ../../data/Box44 65850 88 18.24 75   10.703  4  2.493e-04  2.451e-04 0.017
    ../../data/Box44 65850 88 18.24 75   10.703  6  2.002e-05  1.845e-05 0.082
    ../../data/Box44 65850 88 18.24 75   10.703  8  3.349e-06  3.160e-06 0.058
    ../../data/Box44 65850 88 18.24 75   10.703 10  9.697e-07  1.020e-06 0.050
    ../../data/Box44 65850 88 20.27 75   11.892  4  1.904e-04  1.608e-04 0.169
    ../../data/Box44 65850 88 20.27 75   11.892  6  9.314e-06  9.803e-06 0.051
    ../../data/Box44 65850 88 20.27 75   11.892  8  1.408e-06  1.360e-06 0.034
    ../../data/Box44 65850 88 20.27 75   11.892 10  3.496e-07  3.555e-07 0.017
    ../../data/Box44 65850 88 22.30 75   13.081  4  1.372e-04  1.098e-04 0.223
    ../../data/Box44 65850 88 22.30 75   13.081  6  5.980e-06  5.533e-06 0.078
    ../../data/Box44 65850 88 22.30 75   13.081  8  6.252e-07  6.346e-07 0.015
    ../../data/Box44 65850 88 22.30 75   13.081 10  1.347e-07  1.371e-07 0.018
